gal_id a b c av_x av_y av_z bv_x bv_y bv_z cv_x cv_y cv_z
0 0.6787176165511027 0.5267498323078086 0.5116635320971051 -0.16757427535071617 -0.5531082774862421 -0.8160821622954912 -0.6770754335953177 -0.5371155396817525 0.5030663517410918 -0.7165805742987981 0.636850163231966 -0.2844892794623783
1 0.628388652005401 0.6118932115228997 0.4803302709729438 -0.8948934682079859 0.3936175732424352 0.21031140385965402 0.2882467373934671 0.8695661057010351 -0.4009596066911948 0.3407044157927864 0.29819455704400816 0.8916280094347775
2 0.6561983835971344 0.6401648568868433 0.39948528257721944 -0.7384081363603645 0.43019395733507027 0.5193135692712108 0.32051660025346845 0.9014365427323031 -0.2910004611487589 0.5933148684457277 0.048428488508559124 0.8035123822207129
3 0.6609946466539327 0.6422707134722621 0.38805831665940094 -0.1117203325814921 0.5278217156140436 -0.8419755363513411 -0.8430840581799793 -0.4988624703684094 -0.20086190903380532 -0.5260492734817317 0.6874157927951432 0.5007311550973904
4 0.6692501042705059 0.5840076179311989 0.4593779332652475 -0.6480467083623422 -0.5766096678425674 0.4975507559347258 0.31042213739726815 0.3965868036462059 0.8639195586322821 0.6954664336935642 -0.7143109953823822 0.07801436714724772
5 0.6316499642821821 0.6167010385485383 0.46978908159045774 0.9411940351315555 0.24258246163093308 0.2351755462242132 -0.3341973469077428 0.5661190396096549 0.753539226789998 -0.04965804620206012 0.7878216690981018 -0.6138982783384193
6 0.6500423429136127 0.6230204023780047 0.4350699596767989 0.16629770599141963 -0.6157274893922954 0.7702108359330267 -0.17827832667261095 0.7494413754350224 0.6376162349131924 0.9698257117754744 0.24334601618420293 -0.014859515014712258
7 0.7036832240202472 0.545406339205027 0.4553682557850037 0.9158463790639292 -0.06613741977509446 0.3960445071718365 -0.173091184417337 0.8249595496421782 0.5380345558894687 0.362304915551105 0.5613088126509928 -0.7440884120908208
8 0.6942278889352056 0.5897255974909874 0.4126292315888469 0.34318572679702003 -0.6525421707148402 -0.6755829130177624 0.025507388155753003 -0.7125256144982294 0.7011823028523984 0.9389211522126193 0.25786811381534686 0.22788397443664704
9 0.6591372184063167 0.6296767005518158 0.4111674709147155 -0.1067156022262764 0.4459577902923637 0.8886694714678993 0.3958004381335058 0.8389594208231884 -0.3734824003689413 0.9121150110675781 -0.31187936688657864 0.2660403486233222
10 0.6546536635430724 0.5838875306345208 0.4801117610072798 -0.2250488509577297 0.860080806891694 -0.45783623742462576 -0.9712948280825171 -0.23520042216441206 0.035596605931405144 0.07706731877234933 -0.4527049447821562 -0.8883236242198145
11 0.7175955144719897 0.4984960388264378 0.4863810161827465 -0.11991398326706121 0.03291576952888029 0.9922384737215888 -0.6764803593201049 -0.7342205725204912 -0.0573975116344254 -0.7266326169882332 0.6781126034841145 -0.11031018504574888
12 0.6446598996305899 0.6135055232784946 0.4561027164809456 0.5188678206469699 0.8088722016682804 -0.2765898517035147 -0.7187882316338075 0.23767496461751395 -0.6533407145271194 0.4627306589818824 -0.5378070030804472 -0.7047297103683234
13 0.6749968695306132 0.6291029478158705 0.3855048202818545 0.8775376427899971 0.23090762056668787 -0.4202491597264722 -0.24460962191579386 0.9693754452206989 0.02184900614179233 0.4124243183334218 0.08362366272414982 0.9071456689417695
14 0.700756915161635 0.5441485206176004 0.4613531760727122 -0.8480627507486689 0.5210525744241931 -0.09640428143252439 -0.08637320984386498 -0.31542508747258663 -0.9450114723188173 -0.5228089894157026 -0.7931022814737273 0.3125052506875681
15 0.6541396818612772 0.638323391968172 0.4057573827949062 -0.7009220979758063 0.26985858983359184 0.6602155360654722 0.5963624837664159 0.7294893593039109 0.3349582998200228 0.3912288339644007 -0.6285074511534405 0.6722487510731879
16 0.6494782667013965 0.63389371596196 0.41995112052271366 0.13941755904249983 0.9112497215274624 0.38753927445712283 -0.8537352349663418 -0.08766883161416396 0.5132741222196697 -0.5016960163361833 0.4024153587768854 -0.7657434206135073
17 0.6989877198103673 0.6064399815027424 0.37900139954584455 0.7797826823208786 0.4994943699692603 0.3774179946974808 0.004262288361953195 0.5986060072730658 -0.8010322596216194 0.6260357827236198 -0.6262397483596914 -0.4646536089648017
18 0.7138846894629812 0.5670347349414918 0.4109018589916648 0.4619266816746095 0.7583188578262722 0.45997418473447116 0.1760274023945762 0.4299178364466333 -0.8855422110273816 0.8692744643455839 -0.49002363593004716 -0.0651056208525402
19 0.6847667743094912 0.568047250271785 0.4565255376787431 0.5975847981933615 0.5653403467533424 0.5685795470301496 -0.7689386959082872 0.6050249039414879 0.20658690071119246 0.22721287574224702 0.5606560067843777 -0.7962657541006859
20 0.7532607524418067 0.5119547535115174 0.4129191042413625 0.8549409372123674 -0.44198038531429207 -0.2715314583540345 0.4962128803631572 0.8493760833033464 0.17981392180241765 -0.15115810014728895 0.2884676898886543 -0.9454827447659556
21 0.6739064052179652 0.5766077209358914 0.46193074999130607 -0.6847677270829396 -0.4949740451666381 0.5348774201226293 0.5011888880151661 0.21297080174336652 0.8387211313272779 -0.5290584641377416 0.8424037821710931 0.10223995944859955
22 0.6379049929147513 0.6258684981006691 0.44874725618836575 -0.23524201977161427 -0.047258764852945424 0.9707872070017949 -0.02728954516073169 0.9987445613710478 0.04200692629405246 0.9715536386935577 0.016610547141125837 0.23623635805053506
23 0.687348119463475 0.5670925425024145 0.45381549600652477 -0.7192338211064362 -0.6921004639904883 -0.06082481665230032 0.6005723544685682 -0.5753180763478398 -0.5552674653493591 -0.34930725389650225 0.4358968441862961 -0.8294446235908174
24 0.6907492852730348 0.574177080458156 0.4395302785722551 0.03385198225847068 0.19473396265990972 0.9802717618517537 0.8511674545421561 -0.5196743470974201 0.07384129804585768 0.523801496394769 0.8318757459835209 -0.18334321808826679
25 0.7253634927967821 0.541829337726217 0.4245878164912098 -0.9073476071525913 0.36553556402592635 -0.20761519989325053 0.3587442879578572 0.9307417236568956 0.07086874982529866 0.21914117744521777 -0.010178176479052007 -0.9756400714769176
26 0.6428083688976025 0.6265120166228626 0.4407722091227787 -0.43562182375710096 -0.5780980483697937 -0.6899538195687974 0.46211891816567974 -0.8014127309760656 0.37971534088428105 0.7724504722892716 0.15342842337885143 -0.6162629201562925
27 0.64674988569435 0.6307621879853268 0.42878199681615825 -0.14367679740136435 0.7180277156404113 -0.6810236247449131 -0.8662258743726231 -0.42401988911544664 -0.26431017423078634 0.4785495924727883 -0.5519450454589998 -0.6828960055069815
28 0.6341549749785621 0.6031965386029633 0.4837352104797908 -0.8378727985987336 0.4455869781300063 0.3153116209233262 0.4093413476023516 0.8950304337181065 -0.1770880680945756 -0.3611216339565067 -0.019307191389408982 -0.9323188284322244
29 0.6089298283836134 0.597924029231318 0.5212327034196977 -0.18428398367793475 -0.4111991072679523 0.892723197604851 0.2933137918528925 0.8438838843739951 0.4492516101281504 0.9380865806889407 -0.34463790255265997 0.034903914614762103
30 0.7066395139235312 0.5578128542963029 0.4353248188988357 -0.3644757728788707 0.5333797841280967 0.7633239265657893 -0.24541720383426874 0.7357111621146181 -0.6312681538000524 0.8982916046844248 0.4174147719276626 0.13724831922489417
31 0.6328461555419751 0.5996974899100241 0.4897664606607759 -0.8772745708643439 -0.2253675757538187 -0.4237909662954461 0.4673371288968815 -0.19966754281323093 -0.8612368317143358 -0.10947755600670264 0.9535944253957093 -0.2804858937362553
32 0.6058050652054473 0.5927837338852179 0.5306697110987731 0.30870192407135466 0.8355966582627891 0.4544021861464835 0.8296662858056151 -0.47018092971597203 0.3009713400457592 -0.46514188832243364 -0.28409174227964473 0.8384121335574507
33 0.6342541418022324 0.6148487900792221 0.4687004646671512 -0.1317155561853686 0.34948729530339906 0.9276365897700963 0.7033288322843653 -0.6264983318793712 0.33589938051427887 0.6985553420712566 0.6966767331940116 -0.16328491507126372
34 0.608861675788984 0.5796147910778523 0.5416056744163044 -0.6204493862360269 -0.29455194022983355 0.7268299069425924 -0.7590276538912945 -0.007598767158371787 -0.6510140393001904 -0.1972804596193299 0.9556052601595036 0.2188584177222172
35 0.6456987558567657 0.6137710215357854 0.45426850629461185 0.3511693361234448 -0.039363711399588754 0.9354841503689245 0.7209997443686968 0.6487974561002965 -0.24335412381559843 -0.5973604154837282 0.7599423393801886 0.25621899779382756
36 0.6396499291507722 0.6190422537247834 0.4556714565578425 0.8937286203324263 0.43710870038183464 -0.10092144097862002 0.4137703419808751 -0.8901145568926789 -0.19102402912926755 -0.17332990883205082 0.12896534285711525 -0.9763834713093106
37 0.7259959173351948 0.51619312882036 0.45439358390276546 -0.36744066789651314 -0.3722011744368609 0.8523224984262621 -0.4879502842619533 -0.7030231932384855 -0.517361488572006 -0.791765038167538 0.6059906562947853 -0.07670364280118963
38 0.6180973491258585 0.5872366211980873 0.5225967994721641 -0.09490369434886148 -0.8396828457337692 0.5347204946318942 0.2943568656763791 0.4894554786948744 0.8208455214014084 0.9509717789861677 -0.23529992128347846 -0.2007152774849807
39 0.6341816675719966 0.6285302339207145 0.4502949051944591 0.7843874334919675 0.6036829097596322 0.14248964398870412 0.6040718243804079 -0.7956303914573454 0.045491880365147654 0.14083176193461983 0.05039071991522956 -0.9887503174092108
40 0.6141935757430567 0.5853725288133801 0.5292491167387213 0.19716668324791076 0.40243734795896796 -0.8939627956379228 -0.9799737610832273 0.10682560171683637 -0.16804677445946173 -0.027869815309961743 -0.9091933082604536 -0.41544049105618025
41 0.6189907520696157 0.6079412444865765 0.4972464741508746 -0.4200686222296822 0.6559607060326043 0.6271027864387652 0.5877019017858297 -0.32990479691362073 0.7387620047151188 0.6914830636070382 0.6788802376815735 -0.24692670092566946
42 0.6468635680380133 0.5933185430297779 0.4791055035385098 0.8725954716993266 0.27676544928714036 0.40246494114483744 0.41852299073128274 0.00115474624647176 -0.9082054683773102 -0.25182463938060745 0.9609368099110334 -0.11482507722110807
43 0.6388518544792137 0.6143941250787166 0.4630207412476087 0.943605652109302 0.1455311555670466 0.2973702339957695 0.17858317086606923 -0.9800678135147837 -0.08703523422023796 0.27877665682549363 0.13523225825102303 -0.9507869435039213
44 0.6137715423173653 0.6005322394207615 0.5124875132788504 0.28485831807066764 0.1348611453421228 0.949035410352512 0.9017750237619335 -0.37342847737301077 -0.21760739602789114 0.32505006559777067 0.9178037065537954 -0.22798862052962046
45 0.6183606034815049 0.6047528076217191 0.5019019626693607 0.1833520451779586 -0.21319540474640752 0.9596508463624019 0.9008902738155092 0.4271196906792303 -0.0772365482054658 -0.39341929550249116 0.8787015928226681 0.2703789353800133
46 0.6272490776832859 0.6116995433226922 0.4820583119718646 0.8516507375624796 0.35796239995288465 0.3828236427250224 0.2660606028697603 -0.9245924631585323 0.27265460324560437 -0.45155595091844847 0.13035220477770693 0.8826695451298444
47 0.6558750494986557 0.6368849064180099 0.40521964374021563 0.16883661549928644 0.9847094662203476 0.042912287317098285 0.19280515389904923 0.009700830170116212 -0.9811891084413726 0.9666024880459964 -0.173934358394337 0.18821920484700888
48 0.6242296477780369 0.6036027627003707 0.4959832461069456 -0.0642422399440493 -0.8769571442193692 -0.4762552905843462 0.728243148768207 0.28509861244863344 -0.623201971636829 -0.6823011438354316 0.38686554302815945 -0.6203226585724473
49 0.671693448789435 0.6173643381874974 0.40949891050065257 -0.1172751943811439 0.9856036196004859 0.12178683760277605 0.9208257331968032 0.15384656577574055 -0.3583450896574142 -0.371922704154283 0.07011946398419458 -0.9256115615662622
50 0.6338095347884349 0.5975601433808077 0.49112585858091223 -0.9637147716049902 -0.22511107380031203 0.14345327965164087 -0.05838196923848798 0.7021521727145025 0.7096293906118457 0.2604714661113144 -0.6755052411379011 0.6898168485453574
51 0.6451588877860993 0.6289166813792487 0.4338592959099904 -0.6844675124061961 0.07083494404803355 -0.7255939878211405 -0.6061040945245133 -0.6083806454643281 0.5123580943295684 -0.4051444817112692 0.7904779572677023 0.4593501366199724
52 0.6255972221139827 0.6160316239848513 0.478678708040168 0.9552599774170736 0.162652612025639 0.24702733319689352 0.295270180745098 -0.5728575456606442 -0.7646239289627419 -0.017143392543169968 -0.8033544424355291 0.5952543522824599
53 0.6293538558571734 0.5976972662073919 0.49666101362429277 0.7198104471268462 -0.43470932261149053 0.5412030349524184 0.6941635654287378 0.45428857260214145 -0.5583536847146 0.003140802176567481 -0.777592243812763 -0.628761033878468
54 0.7367524687312338 0.5141392982513566 0.4391531786241303 0.674217768522175 -0.6433682797755405 -0.3626398450082959 0.7180743236354548 0.6858442907424879 0.1182661176813465 -0.17262579860630092 0.3401394793824966 -0.9243946496064012
55 0.6249862975590137 0.6020714205925772 0.4968911967983639 -0.914697187489634 0.34966923904139724 0.20263385321007854 0.38665389307528636 0.9030605162888775 0.18703066831349188 -0.11759176063091532 0.24942559449318066 -0.9612278869464022
56 0.6411887448067576 0.6108147071295743 0.4645231336765469 -0.269482588688956 0.2776825192890271 0.9221017041925464 -0.9566564137692205 -0.1869624073704773 -0.22327911730489 -0.11039764665840598 0.9423043439948345 -0.3160298765951582
57 0.660892651288144 0.5963804476545695 0.45557809073966066 0.058816677729353214 -0.36895054625513884 -0.9275861646439728 -0.9982586981605193 -0.017557515809444504 -0.05631434262659828 -0.004491098723723938 -0.9292831796910107 0.36934076673935967
58 0.610051133875948 0.5909058210718502 0.5278909248857705 -0.31190509220390084 -0.7223248449900707 0.6172212178525187 0.3701949883519772 0.5058970941189408 0.7791173215640191 0.8750262190679522 -0.471502861573588 -0.10960915779058931
59 0.6249336240642595 0.6135013094595566 0.48277930482268955 0.12728693435279542 -0.6411527642852723 0.7567834361245105 -0.24009715739821838 0.7203810261107623 0.6506954220131717 0.9623675967905205 0.2645265772450064 0.062243863783343886
60 0.704377081144505 0.5510509545640352 0.4474336727650749 -0.10897168971837044 -0.9491478130862655 -0.29537027567695856 -0.8806652967783252 -0.04563063848199198 0.4715362975233932 -0.461035579852865 0.3115064585932129 -0.8309090927198038
61 0.6650106515271613 0.6227380425519041 0.41226009954720483 0.06059256378953067 -0.7991067904630177 0.5981278112989779 0.36054699305682575 0.5762934390281407 0.7334110293217573 0.9307708670833508 -0.17121392924938306 -0.32303464739853266
62 0.6236048851115944 0.6073484566864644 0.4921857171704455 0.20707499049500278 0.8820644830234898 0.42318104411705204 -0.9704752059936655 0.23988797641775497 -0.02513231628296202 -0.1236843679009062 -0.4054824368066989 0.9056965112984895
63 0.5962801123012262 0.5763528988208553 0.558809032379644 0.7888083483613326 0.43709688095906707 -0.4321200136667143 -0.568376274376674 0.2511402288537777 -0.7835030288243716 0.2339440109965588 -0.8636404935545388 -0.4465370058704146
64 0.6621691314260444 0.5716965398933264 0.48445663651478993 -0.2097551362982823 0.09838656944176406 0.9727912755313801 0.9535754473237699 0.24047362125839544 0.18129066092919807 -0.21609407455495078 0.9656565230103064 -0.1442595941692777
65 0.6317006808197979 0.5761564152652333 0.5186529673320885 0.2309566617896606 -0.6302289099266012 0.7412628018912755 0.9584698432615816 0.016358196634654616 -0.2847243736686079 -0.16731580897540851 -0.7762370324170252 -0.6078334390039055
66 0.6704509623924941 0.5776684921462103 0.46561149018174625 -0.09377036154649315 -0.9837396163022493 -0.1531779573337616 0.07508491772735619 -0.16040539439636442 0.9841912235833152 0.992758467314843 -0.08078661254224298 -0.08890527998175025
67 0.639098300840598 0.5706168916689116 0.5157022991315587 0.27003710901890743 0.4298822933600879 0.8615574116727113 -0.7316386214903695 -0.4900770091818339 0.4738453889351043 -0.62592722204453 0.7583045159610088 -0.18217950976099842
68 0.6821128336608773 0.6153042118062526 0.39512421762006744 -0.07448397077939715 0.10957845073584102 0.9911834851485706 0.9734931578014029 0.2235270653584896 0.0484429846941138 -0.21624802845525906 0.9685185667743053 -0.12332305543838556
69 0.5990511623381417 0.5800154067845589 0.5520148510058046 0.18117410182543434 -0.8288938691665972 0.5292550410584436 -0.7572840388125568 -0.4609367423695896 -0.4626642455317379 -0.6274526511120093 0.3169736159236889 0.7112178972866
70 0.6188177973242767 0.6003002470142793 0.5066586465139574 -0.004330079022551519 0.2115436797237956 0.9773589524757906 0.4400844362055388 0.8780350991902148 -0.18809586279257473 0.8979459557374886 -0.4293059936210375 0.09689904238815913
71 0.697712225392716 0.5822110894863983 0.4174071189099695 -0.31713187756543304 -0.9356757250185334 0.15472010161212105 0.2312962242280004 0.08190743519221644 0.9694293314719249 0.9197442192749536 -0.3432231193717503 -0.1904428035895069
72 0.6295058414504847 0.5948412702560195 0.49988636387807095 0.8598074124737253 0.2844578131826063 -0.42404594795211464 -0.47812833697487134 0.15700861644201697 -0.864142110850182 -0.179233107535639 0.9457441762349547 0.2710045133955982
73 0.5959803038996815 0.5918418898494192 0.5427058586889543 -0.02341976502549429 -0.9462252598247305 -0.32265968492480085 -0.9603299730613047 0.11100315438766738 -0.2558215052650218 -0.2778810131085325 -0.3038684869900279 0.9112881460702572
74 0.731331291449125 0.5062702710718237 0.45699395586667446 -0.7053477692886906 0.6261265786540612 0.332340235094139 0.6314263215173183 0.7680376823126874 -0.10685934232842516 -0.322157298310276 0.1344753733986817 -0.9370864683126681
75 0.6464539893916057 0.5637204184754572 0.5141181756143741 -0.2865987329510101 0.535582374041207 0.7943630699417368 -0.8362360660302282 -0.5444578129188176 0.06538296278042258 -0.46751514215174217 0.6455363743183208 -0.6039142168311603
76 0.6130544428725573 0.6009391030694099 0.5128702758765927 -0.3511964771625322 0.6982495579515791 0.6237856917636466 0.8608749717871762 0.5027833386166799 -0.07812296307676458 0.36817837712046 -0.509564980380215 0.7776813058001685
77 0.6510906082476914 0.6157248155897285 0.4438041752213886 -0.11720580447860524 0.7285154676711613 -0.6749281537766759 -0.8996694725395649 -0.3656801091892495 -0.2384803931641346 0.4205444561243254 -0.5792609697771876 -0.698282957915978
78 0.7569424930546842 0.5242741297218337 0.390091348465536 0.580476702917039 -0.7733384727982001 -0.2549400005113177 0.8103077462279957 0.5794809006280748 0.08719657223871286 -0.08030039709409617 0.2571954359964854 -0.9630173175644912
79 0.6137935757376203 0.590323460796326 0.5241897828243912 -0.4380495997184531 -0.8767318776166273 -0.1986297131783811 0.734386388572214 -0.2215820757769018 -0.6415434638231925 -0.5184488214533463 0.42689881525394535 -0.7409238969478674
80 0.6123957792683896 0.5879317333223681 0.5284959342409977 0.6291030616305745 -0.009863979127956909 0.7772593130756305 0.33655237939656235 -0.8978822396163666 -0.2837956654073662 -0.7006866873072087 -0.440125193209001 0.5615407202805411
81 0.6260935426910814 0.5943460914007981 0.5047373020915827 -0.8587054086194914 0.09721711522373745 0.5031638438075682 -0.36725114102999146 -0.801527086228632 -0.47189080246812243 0.35742358710611316 -0.5900026801205346 0.7239787405931095
82 0.6228269530399918 0.6088803772649939 0.4912777483717626 0.18085052200267543 0.9718386795919866 0.1510717364044778 0.9043166615323583 -0.10392647268232966 -0.414017709706698 0.38665807164254357 -0.21149200723600228 0.8976450671111363
83 0.6786169525108469 0.6107479322861109 0.40800321829877 -0.06755522109509286 -0.5848957686202865 -0.8082903141525808 -0.9440564111765128 -0.2246314068935616 0.24145025068022077 0.32279062040170137 -0.7793828782357896 0.5369995758783996
84 0.6353495770053841 0.5560785511535196 0.5358231554834725 0.25310281082948655 -0.1038090514505508 -0.9618537560290288 0.964916527914335 0.0988427408787887 0.2432410465635135 -0.06982163925286934 0.9896735792232234 -0.1251844450382579
85 0.5971586019716854 0.5858017123506596 0.547939808268145 0.14256268648119888 -0.6826127337738154 0.7167396571371658 0.6346679304280852 0.6187166330528806 0.4630187318779216 0.7595212297950563 -0.3888824805433459 -0.5214383164067056
86 0.5956971907753303 0.5884309058400166 0.5467105618366457 -0.4134350299503096 0.6191371387890677 -0.6676381350567635 0.7560319112970453 0.6420492149956617 0.12723425098609023 -0.5074319906258606 0.4521526389346204 0.733533070824987
87 0.598098921998958 0.5764389827746386 0.5567748879094956 0.703262138701871 0.7004049041252796 0.12188246201044915 0.09501928480409387 0.07729983418797379 -0.9924696827358659 -0.7045521270876904 0.7095475360479876 -0.012189926350929541
88 0.6016910270649267 0.5896190847897793 0.5388104485704569 -0.46389117947825903 -0.8855937860240013 -0.02299173238242889 0.3074568763322774 -0.18528341733124726 0.9333489832094174 0.8308280464682621 -0.42590339446608105 -0.3582332421537694
89 0.6159425635972426 0.5998914819445597 0.510632716029881 -0.24575158211708503 -0.21557651797707633 0.9450571013350618 -0.40976238718646013 0.9066651832121313 0.10026480737609768 0.8784651079776608 0.3626086188272304 0.31114955185248966
90 0.6111181929623056 0.5901834524945633 0.5274625495133184 -0.3211336217343481 0.41662867862204306 0.8504667783878634 0.4787082951707342 0.8462681668919437 -0.23381308312427537 0.8171361974154066 -0.3320402593888279 0.47120876585489135
91 0.6202363907279639 0.6116536493981518 0.49110468691861797 0.5090698283503061 0.11427972125777558 0.8531049496824142 0.7724602247781978 0.3765465238564439 -0.5113882248421887 -0.37967500707711344 0.9193219570318519 0.10341193509513319
92 0.6295672364259836 0.601478289054538 0.49180451820477394 -0.17583287150594376 0.6879062683327783 0.7041787892903661 -0.2645175943967443 0.6560000204005729 -0.7068906672810212 0.9482158211886856 0.31056229523707424 -0.0666169439748374
93 0.6332676009148434 0.5693476092708856 0.524229434984337 -0.9064424998471926 -0.3911973528223989 -0.15914341210216423 -0.0441505421239947 -0.28698352499074786 0.9569175439995036 -0.42001514746605156 0.8744169986503192 0.24286248860299228
94 0.6400658405626302 0.5995923150087347 0.48042029127633334 -0.5223416714391322 0.3035583787731181 0.7968760813042451 -0.21943558098614474 0.8551731598793884 -0.46960290929590215 0.8240189342942592 0.42015613442926 0.3800810684919925
95 0.6526357403353014 0.5936202062072257 0.4708325907707114 0.40119202245367036 0.7842310053012312 0.4733145797920804 0.542588779781852 0.21285204810581523 -0.8125831783097657 0.737998900523825 -0.5828170690202714 0.34012040057051235
96 0.6437029330974889 0.59591257195625 0.48013942767747936 -0.8807847103036897 -0.3605564598985791 -0.3069484212708216 0.410323486371426 -0.2576314914949601 -0.8747917758655945 -0.2363322462704647 0.8964513672338764 -0.3748626622608202
97 0.7421010180745463 0.5307250200325717 0.4094106428552218 -0.5771534108131101 0.04642945635943316 -0.8153148140252088 0.21893493959111854 0.9706316868445254 -0.09970767633228858 0.7867410200396486 -0.23604752503578308 -0.5703684189289016
98 0.6884685665857385 0.5710601961264615 0.4470990529285699 0.8622906292926379 -0.24749432853353487 -0.44181605672252466 -0.3410718696393492 -0.9287207907149352 -0.14542239385508673 -0.3743325398289939 0.2760873960135809 -0.8852405884208061
99 0.625452996736205 0.5930356457278833 0.5070679630900238 -0.3391339614517871 -0.940308787110573 0.028417267156795784 -0.5419271615146208 0.21996600622323623 0.8111287861486021 0.768962357858123 -0.2596812295658699 0.5841768150213033
100 0.0 0.0 0.0 0.0 0.0 0.0 0.0 0.0 0.0 0.0 0.0 0.0
101 0.0 0.0 0.0 0.0 0.0 0.0 0.0 0.0 0.0 0.0 0.0 0.0
102 0.0 0.0 0.0 0.0 0.0 0.0 0.0 0.0 0.0 0.0 0.0 0.0
103 0.0 0.0 0.0 0.0 0.0 0.0 0.0 0.0 0.0 0.0 0.0 0.0
104 0.0 0.0 0.0 0.0 0.0 0.0 0.0 0.0 0.0 0.0 0.0 0.0
105 0.0 0.0 0.0 0.0 0.0 0.0 0.0 0.0 0.0 0.0 0.0 0.0
106 0.0 0.0 0.0 0.0 0.0 0.0 0.0 0.0 0.0 0.0 0.0 0.0
107 0.0 0.0 0.0 0.0 0.0 0.0 0.0 0.0 0.0 0.0 0.0 0.0
108 0.0 0.0 0.0 0.0 0.0 0.0 0.0 0.0 0.0 0.0 0.0 0.0
109 0.0 0.0 0.0 0.0 0.0 0.0 0.0 0.0 0.0 0.0 0.0 0.0
110 0.0 0.0 0.0 0.0 0.0 0.0 0.0 0.0 0.0 0.0 0.0 0.0
111 0.0 0.0 0.0 0.0 0.0 0.0 0.0 0.0 0.0 0.0 0.0 0.0
112 0.0 0.0 0.0 0.0 0.0 0.0 0.0 0.0 0.0 0.0 0.0 0.0
113 0.0 0.0 0.0 0.0 0.0 0.0 0.0 0.0 0.0 0.0 0.0 0.0
114 0.0 0.0 0.0 0.0 0.0 0.0 0.0 0.0 0.0 0.0 0.0 0.0
115 0.0 0.0 0.0 0.0 0.0 0.0 0.0 0.0 0.0 0.0 0.0 0.0
116 0.0 0.0 0.0 0.0 0.0 0.0 0.0 0.0 0.0 0.0 0.0 0.0
117 0.0 0.0 0.0 0.0 0.0 0.0 0.0 0.0 0.0 0.0 0.0 0.0
118 0.0 0.0 0.0 0.0 0.0 0.0 0.0 0.0 0.0 0.0 0.0 0.0
119 0.0 0.0 0.0 0.0 0.0 0.0 0.0 0.0 0.0 0.0 0.0 0.0
120 0.0 0.0 0.0 0.0 0.0 0.0 0.0 0.0 0.0 0.0 0.0 0.0
121 0.0 0.0 0.0 0.0 0.0 0.0 0.0 0.0 0.0 0.0 0.0 0.0
122 0.0 0.0 0.0 0.0 0.0 0.0 0.0 0.0 0.0 0.0 0.0 0.0
123 0.0 0.0 0.0 0.0 0.0 0.0 0.0 0.0 0.0 0.0 0.0 0.0
124 0.0 0.0 0.0 0.0 0.0 0.0 0.0 0.0 0.0 0.0 0.0 0.0
125 0.0 0.0 0.0 0.0 0.0 0.0 0.0 0.0 0.0 0.0 0.0 0.0
126 0.0 0.0 0.0 0.0 0.0 0.0 0.0 0.0 0.0 0.0 0.0 0.0
127 0.0 0.0 0.0 0.0 0.0 0.0 0.0 0.0 0.0 0.0 0.0 0.0
128 0.0 0.0 0.0 0.0 0.0 0.0 0.0 0.0 0.0 0.0 0.0 0.0
129 0.0 0.0 0.0 0.0 0.0 0.0 0.0 0.0 0.0 0.0 0.0 0.0
130 0.0 0.0 0.0 0.0 0.0 0.0 0.0 0.0 0.0 0.0 0.0 0.0
131 0.0 0.0 0.0 0.0 0.0 0.0 0.0 0.0 0.0 0.0 0.0 0.0
132 0.0 0.0 0.0 0.0 0.0 0.0 0.0 0.0 0.0 0.0 0.0 0.0
133 0.0 0.0 0.0 0.0 0.0 0.0 0.0 0.0 0.0 0.0 0.0 0.0
134 0.0 0.0 0.0 0.0 0.0 0.0 0.0 0.0 0.0 0.0 0.0 0.0
135 0.0 0.0 0.0 0.0 0.0 0.0 0.0 0.0 0.0 0.0 0.0 0.0
136 0.0 0.0 0.0 0.0 0.0 0.0 0.0 0.0 0.0 0.0 0.0 0.0
137 0.0 0.0 0.0 0.0 0.0 0.0 0.0 0.0 0.0 0.0 0.0 0.0
138 0.0 0.0 0.0 0.0 0.0 0.0 0.0 0.0 0.0 0.0 0.0 0.0
139 0.0 0.0 0.0 0.0 0.0 0.0 0.0 0.0 0.0 0.0 0.0 0.0
140 0.0 0.0 0.0 0.0 0.0 0.0 0.0 0.0 0.0 0.0 0.0 0.0
141 0.0 0.0 0.0 0.0 0.0 0.0 0.0 0.0 0.0 0.0 0.0 0.0
142 0.0 0.0 0.0 0.0 0.0 0.0 0.0 0.0 0.0 0.0 0.0 0.0
143 0.0 0.0 0.0 0.0 0.0 0.0 0.0 0.0 0.0 0.0 0.0 0.0
144 0.0 0.0 0.0 0.0 0.0 0.0 0.0 0.0 0.0 0.0 0.0 0.0
145 0.0 0.0 0.0 0.0 0.0 0.0 0.0 0.0 0.0 0.0 0.0 0.0
146 0.0 0.0 0.0 0.0 0.0 0.0 0.0 0.0 0.0 0.0 0.0 0.0
147 0.0 0.0 0.0 0.0 0.0 0.0 0.0 0.0 0.0 0.0 0.0 0.0
148 0.0 0.0 0.0 0.0 0.0 0.0 0.0 0.0 0.0 0.0 0.0 0.0
149 0.0 0.0 0.0 0.0 0.0 0.0 0.0 0.0 0.0 0.0 0.0 0.0
150 0.0 0.0 0.0 0.0 0.0 0.0 0.0 0.0 0.0 0.0 0.0 0.0
151 0.0 0.0 0.0 0.0 0.0 0.0 0.0 0.0 0.0 0.0 0.0 0.0
152 0.0 0.0 0.0 0.0 0.0 0.0 0.0 0.0 0.0 0.0 0.0 0.0
153 0.0 0.0 0.0 0.0 0.0 0.0 0.0 0.0 0.0 0.0 0.0 0.0
154 0.0 0.0 0.0 0.0 0.0 0.0 0.0 0.0 0.0 0.0 0.0 0.0
155 0.0 0.0 0.0 0.0 0.0 0.0 0.0 0.0 0.0 0.0 0.0 0.0
156 0.0 0.0 0.0 0.0 0.0 0.0 0.0 0.0 0.0 0.0 0.0 0.0
157 0.0 0.0 0.0 0.0 0.0 0.0 0.0 0.0 0.0 0.0 0.0 0.0
158 0.0 0.0 0.0 0.0 0.0 0.0 0.0 0.0 0.0 0.0 0.0 0.0
159 0.0 0.0 0.0 0.0 0.0 0.0 0.0 0.0 0.0 0.0 0.0 0.0
160 0.0 0.0 0.0 0.0 0.0 0.0 0.0 0.0 0.0 0.0 0.0 0.0
161 0.0 0.0 0.0 0.0 0.0 0.0 0.0 0.0 0.0 0.0 0.0 0.0
162 0.0 0.0 0.0 0.0 0.0 0.0 0.0 0.0 0.0 0.0 0.0 0.0
164 0.0 0.0 0.0 0.0 0.0 0.0 0.0 0.0 0.0 0.0 0.0 0.0
165 0.0 0.0 0.0 0.0 0.0 0.0 0.0 0.0 0.0 0.0 0.0 0.0
166 0.0 0.0 0.0 0.0 0.0 0.0 0.0 0.0 0.0 0.0 0.0 0.0
167 0.0 0.0 0.0 0.0 0.0 0.0 0.0 0.0 0.0 0.0 0.0 0.0
168 0.0 0.0 0.0 0.0 0.0 0.0 0.0 0.0 0.0 0.0 0.0 0.0
169 0.0 0.0 0.0 0.0 0.0 0.0 0.0 0.0 0.0 0.0 0.0 0.0
171 0.0 0.0 0.0 0.0 0.0 0.0 0.0 0.0 0.0 0.0 0.0 0.0
172 0.0 0.0 0.0 0.0 0.0 0.0 0.0 0.0 0.0 0.0 0.0 0.0
173 0.0 0.0 0.0 0.0 0.0 0.0 0.0 0.0 0.0 0.0 0.0 0.0
174 0.0 0.0 0.0 0.0 0.0 0.0 0.0 0.0 0.0 0.0 0.0 0.0
176 0.0 0.0 0.0 0.0 0.0 0.0 0.0 0.0 0.0 0.0 0.0 0.0
177 0.0 0.0 0.0 0.0 0.0 0.0 0.0 0.0 0.0 0.0 0.0 0.0
178 0.0 0.0 0.0 0.0 0.0 0.0 0.0 0.0 0.0 0.0 0.0 0.0
179 0.0 0.0 0.0 0.0 0.0 0.0 0.0 0.0 0.0 0.0 0.0 0.0
180 0.0 0.0 0.0 0.0 0.0 0.0 0.0 0.0 0.0 0.0 0.0 0.0
181 0.0 0.0 0.0 0.0 0.0 0.0 0.0 0.0 0.0 0.0 0.0 0.0
182 0.0 0.0 0.0 0.0 0.0 0.0 0.0 0.0 0.0 0.0 0.0 0.0
183 0.0 0.0 0.0 0.0 0.0 0.0 0.0 0.0 0.0 0.0 0.0 0.0
184 0.0 0.0 0.0 0.0 0.0 0.0 0.0 0.0 0.0 0.0 0.0 0.0
185 0.0 0.0 0.0 0.0 0.0 0.0 0.0 0.0 0.0 0.0 0.0 0.0
186 0.0 0.0 0.0 0.0 0.0 0.0 0.0 0.0 0.0 0.0 0.0 0.0
188 0.0 0.0 0.0 0.0 0.0 0.0 0.0 0.0 0.0 0.0 0.0 0.0
190 0.0 0.0 0.0 0.0 0.0 0.0 0.0 0.0 0.0 0.0 0.0 0.0
191 0.0 0.0 0.0 0.0 0.0 0.0 0.0 0.0 0.0 0.0 0.0 0.0
192 0.0 0.0 0.0 0.0 0.0 0.0 0.0 0.0 0.0 0.0 0.0 0.0
194 0.0 0.0 0.0 0.0 0.0 0.0 0.0 0.0 0.0 0.0 0.0 0.0
195 0.0 0.0 0.0 0.0 0.0 0.0 0.0 0.0 0.0 0.0 0.0 0.0
196 0.0 0.0 0.0 0.0 0.0 0.0 0.0 0.0 0.0 0.0 0.0 0.0
197 0.0 0.0 0.0 0.0 0.0 0.0 0.0 0.0 0.0 0.0 0.0 0.0
198 0.0 0.0 0.0 0.0 0.0 0.0 0.0 0.0 0.0 0.0 0.0 0.0
199 0.0 0.0 0.0 0.0 0.0 0.0 0.0 0.0 0.0 0.0 0.0 0.0
200 0.0 0.0 0.0 0.0 0.0 0.0 0.0 0.0 0.0 0.0 0.0 0.0
201 0.0 0.0 0.0 0.0 0.0 0.0 0.0 0.0 0.0 0.0 0.0 0.0
202 0.0 0.0 0.0 0.0 0.0 0.0 0.0 0.0 0.0 0.0 0.0 0.0
204 0.0 0.0 0.0 0.0 0.0 0.0 0.0 0.0 0.0 0.0 0.0 0.0
206 0.0 0.0 0.0 0.0 0.0 0.0 0.0 0.0 0.0 0.0 0.0 0.0
208 0.0 0.0 0.0 0.0 0.0 0.0 0.0 0.0 0.0 0.0 0.0 0.0
209 0.0 0.0 0.0 0.0 0.0 0.0 0.0 0.0 0.0 0.0 0.0 0.0
210 0.0 0.0 0.0 0.0 0.0 0.0 0.0 0.0 0.0 0.0 0.0 0.0
211 0.0 0.0 0.0 0.0 0.0 0.0 0.0 0.0 0.0 0.0 0.0 0.0
212 0.0 0.0 0.0 0.0 0.0 0.0 0.0 0.0 0.0 0.0 0.0 0.0
213 0.0 0.0 0.0 0.0 0.0 0.0 0.0 0.0 0.0 0.0 0.0 0.0
216 0.0 0.0 0.0 0.0 0.0 0.0 0.0 0.0 0.0 0.0 0.0 0.0
217 0.0 0.0 0.0 0.0 0.0 0.0 0.0 0.0 0.0 0.0 0.0 0.0
218 0.0 0.0 0.0 0.0 0.0 0.0 0.0 0.0 0.0 0.0 0.0 0.0
221 0.0 0.0 0.0 0.0 0.0 0.0 0.0 0.0 0.0 0.0 0.0 0.0
222 0.0 0.0 0.0 0.0 0.0 0.0 0.0 0.0 0.0 0.0 0.0 0.0
223 0.0 0.0 0.0 0.0 0.0 0.0 0.0 0.0 0.0 0.0 0.0 0.0
224 0.0 0.0 0.0 0.0 0.0 0.0 0.0 0.0 0.0 0.0 0.0 0.0
225 0.0 0.0 0.0 0.0 0.0 0.0 0.0 0.0 0.0 0.0 0.0 0.0
226 0.0 0.0 0.0 0.0 0.0 0.0 0.0 0.0 0.0 0.0 0.0 0.0
227 0.0 0.0 0.0 0.0 0.0 0.0 0.0 0.0 0.0 0.0 0.0 0.0
229 0.0 0.0 0.0 0.0 0.0 0.0 0.0 0.0 0.0 0.0 0.0 0.0
231 0.0 0.0 0.0 0.0 0.0 0.0 0.0 0.0 0.0 0.0 0.0 0.0
232 0.0 0.0 0.0 0.0 0.0 0.0 0.0 0.0 0.0 0.0 0.0 0.0
233 0.0 0.0 0.0 0.0 0.0 0.0 0.0 0.0 0.0 0.0 0.0 0.0
234 0.0 0.0 0.0 0.0 0.0 0.0 0.0 0.0 0.0 0.0 0.0 0.0
236 0.0 0.0 0.0 0.0 0.0 0.0 0.0 0.0 0.0 0.0 0.0 0.0
239 0.0 0.0 0.0 0.0 0.0 0.0 0.0 0.0 0.0 0.0 0.0 0.0
241 0.0 0.0 0.0 0.0 0.0 0.0 0.0 0.0 0.0 0.0 0.0 0.0
242 0.0 0.0 0.0 0.0 0.0 0.0 0.0 0.0 0.0 0.0 0.0 0.0
245 0.0 0.0 0.0 0.0 0.0 0.0 0.0 0.0 0.0 0.0 0.0 0.0
246 0.0 0.0 0.0 0.0 0.0 0.0 0.0 0.0 0.0 0.0 0.0 0.0
247 0.0 0.0 0.0 0.0 0.0 0.0 0.0 0.0 0.0 0.0 0.0 0.0
249 0.0 0.0 0.0 0.0 0.0 0.0 0.0 0.0 0.0 0.0 0.0 0.0
250 0.0 0.0 0.0 0.0 0.0 0.0 0.0 0.0 0.0 0.0 0.0 0.0
251 0.0 0.0 0.0 0.0 0.0 0.0 0.0 0.0 0.0 0.0 0.0 0.0
254 0.0 0.0 0.0 0.0 0.0 0.0 0.0 0.0 0.0 0.0 0.0 0.0
255 0.0 0.0 0.0 0.0 0.0 0.0 0.0 0.0 0.0 0.0 0.0 0.0
256 0.0 0.0 0.0 0.0 0.0 0.0 0.0 0.0 0.0 0.0 0.0 0.0
257 0.0 0.0 0.0 0.0 0.0 0.0 0.0 0.0 0.0 0.0 0.0 0.0
259 0.0 0.0 0.0 0.0 0.0 0.0 0.0 0.0 0.0 0.0 0.0 0.0
261 0.0 0.0 0.0 0.0 0.0 0.0 0.0 0.0 0.0 0.0 0.0 0.0
262 0.0 0.0 0.0 0.0 0.0 0.0 0.0 0.0 0.0 0.0 0.0 0.0
264 0.0 0.0 0.0 0.0 0.0 0.0 0.0 0.0 0.0 0.0 0.0 0.0
265 0.0 0.0 0.0 0.0 0.0 0.0 0.0 0.0 0.0 0.0 0.0 0.0
268 0.0 0.0 0.0 0.0 0.0 0.0 0.0 0.0 0.0 0.0 0.0 0.0
269 0.0 0.0 0.0 0.0 0.0 0.0 0.0 0.0 0.0 0.0 0.0 0.0
272 0.0 0.0 0.0 0.0 0.0 0.0 0.0 0.0 0.0 0.0 0.0 0.0
277 0.0 0.0 0.0 0.0 0.0 0.0 0.0 0.0 0.0 0.0 0.0 0.0
280 0.0 0.0 0.0 0.0 0.0 0.0 0.0 0.0 0.0 0.0 0.0 0.0
284 0.0 0.0 0.0 0.0 0.0 0.0 0.0 0.0 0.0 0.0 0.0 0.0
285 0.0 0.0 0.0 0.0 0.0 0.0 0.0 0.0 0.0 0.0 0.0 0.0
287 0.0 0.0 0.0 0.0 0.0 0.0 0.0 0.0 0.0 0.0 0.0 0.0
289 0.0 0.0 0.0 0.0 0.0 0.0 0.0 0.0 0.0 0.0 0.0 0.0
291 0.0 0.0 0.0 0.0 0.0 0.0 0.0 0.0 0.0 0.0 0.0 0.0
293 0.0 0.0 0.0 0.0 0.0 0.0 0.0 0.0 0.0 0.0 0.0 0.0
294 0.0 0.0 0.0 0.0 0.0 0.0 0.0 0.0 0.0 0.0 0.0 0.0
296 0.0 0.0 0.0 0.0 0.0 0.0 0.0 0.0 0.0 0.0 0.0 0.0
297 0.0 0.0 0.0 0.0 0.0 0.0 0.0 0.0 0.0 0.0 0.0 0.0
299 0.0 0.0 0.0 0.0 0.0 0.0 0.0 0.0 0.0 0.0 0.0 0.0
300 0.0 0.0 0.0 0.0 0.0 0.0 0.0 0.0 0.0 0.0 0.0 0.0
301 0.0 0.0 0.0 0.0 0.0 0.0 0.0 0.0 0.0 0.0 0.0 0.0
304 0.0 0.0 0.0 0.0 0.0 0.0 0.0 0.0 0.0 0.0 0.0 0.0
305 0.0 0.0 0.0 0.0 0.0 0.0 0.0 0.0 0.0 0.0 0.0 0.0
308 0.0 0.0 0.0 0.0 0.0 0.0 0.0 0.0 0.0 0.0 0.0 0.0
311 0.0 0.0 0.0 0.0 0.0 0.0 0.0 0.0 0.0 0.0 0.0 0.0
313 0.0 0.0 0.0 0.0 0.0 0.0 0.0 0.0 0.0 0.0 0.0 0.0
324 0.0 0.0 0.0 0.0 0.0 0.0 0.0 0.0 0.0 0.0 0.0 0.0
327 0.0 0.0 0.0 0.0 0.0 0.0 0.0 0.0 0.0 0.0 0.0 0.0
332 0.0 0.0 0.0 0.0 0.0 0.0 0.0 0.0 0.0 0.0 0.0 0.0
333 0.0 0.0 0.0 0.0 0.0 0.0 0.0 0.0 0.0 0.0 0.0 0.0
334 0.0 0.0 0.0 0.0 0.0 0.0 0.0 0.0 0.0 0.0 0.0 0.0
342 0.0 0.0 0.0 0.0 0.0 0.0 0.0 0.0 0.0 0.0 0.0 0.0
347 0.0 0.0 0.0 0.0 0.0 0.0 0.0 0.0 0.0 0.0 0.0 0.0
349 0.0 0.0 0.0 0.0 0.0 0.0 0.0 0.0 0.0 0.0 0.0 0.0
350 0.0 0.0 0.0 0.0 0.0 0.0 0.0 0.0 0.0 0.0 0.0 0.0
353 0.0 0.0 0.0 0.0 0.0 0.0 0.0 0.0 0.0 0.0 0.0 0.0
354 0.0 0.0 0.0 0.0 0.0 0.0 0.0 0.0 0.0 0.0 0.0 0.0
355 0.0 0.0 0.0 0.0 0.0 0.0 0.0 0.0 0.0 0.0 0.0 0.0
360 0.0 0.0 0.0 0.0 0.0 0.0 0.0 0.0 0.0 0.0 0.0 0.0
363 0.0 0.0 0.0 0.0 0.0 0.0 0.0 0.0 0.0 0.0 0.0 0.0
364 0.0 0.0 0.0 0.0 0.0 0.0 0.0 0.0 0.0 0.0 0.0 0.0
372 0.0 0.0 0.0 0.0 0.0 0.0 0.0 0.0 0.0 0.0 0.0 0.0
380 0.0 0.0 0.0 0.0 0.0 0.0 0.0 0.0 0.0 0.0 0.0 0.0
381 0.0 0.0 0.0 0.0 0.0 0.0 0.0 0.0 0.0 0.0 0.0 0.0
383 0.0 0.0 0.0 0.0 0.0 0.0 0.0 0.0 0.0 0.0 0.0 0.0
387 0.0 0.0 0.0 0.0 0.0 0.0 0.0 0.0 0.0 0.0 0.0 0.0
390 0.0 0.0 0.0 0.0 0.0 0.0 0.0 0.0 0.0 0.0 0.0 0.0
397 0.0 0.0 0.0 0.0 0.0 0.0 0.0 0.0 0.0 0.0 0.0 0.0
399 0.0 0.0 0.0 0.0 0.0 0.0 0.0 0.0 0.0 0.0 0.0 0.0
406 0.0 0.0 0.0 0.0 0.0 0.0 0.0 0.0 0.0 0.0 0.0 0.0
408 0.0 0.0 0.0 0.0 0.0 0.0 0.0 0.0 0.0 0.0 0.0 0.0
409 0.0 0.0 0.0 0.0 0.0 0.0 0.0 0.0 0.0 0.0 0.0 0.0
417 0.0 0.0 0.0 0.0 0.0 0.0 0.0 0.0 0.0 0.0 0.0 0.0
421 0.0 0.0 0.0 0.0 0.0 0.0 0.0 0.0 0.0 0.0 0.0 0.0
429 0.0 0.0 0.0 0.0 0.0 0.0 0.0 0.0 0.0 0.0 0.0 0.0
443 0.0 0.0 0.0 0.0 0.0 0.0 0.0 0.0 0.0 0.0 0.0 0.0
447 0.0 0.0 0.0 0.0 0.0 0.0 0.0 0.0 0.0 0.0 0.0 0.0
448 0.0 0.0 0.0 0.0 0.0 0.0 0.0 0.0 0.0 0.0 0.0 0.0
454 0.0 0.0 0.0 0.0 0.0 0.0 0.0 0.0 0.0 0.0 0.0 0.0
456 0.0 0.0 0.0 0.0 0.0 0.0 0.0 0.0 0.0 0.0 0.0 0.0
459 0.0 0.0 0.0 0.0 0.0 0.0 0.0 0.0 0.0 0.0 0.0 0.0
487 0.0 0.0 0.0 0.0 0.0 0.0 0.0 0.0 0.0 0.0 0.0 0.0
488 0.0 0.0 0.0 0.0 0.0 0.0 0.0 0.0 0.0 0.0 0.0 0.0
489 0.0 0.0 0.0 0.0 0.0 0.0 0.0 0.0 0.0 0.0 0.0 0.0
497 0.0 0.0 0.0 0.0 0.0 0.0 0.0 0.0 0.0 0.0 0.0 0.0
558 0.0 0.0 0.0 0.0 0.0 0.0 0.0 0.0 0.0 0.0 0.0 0.0
570 0.0 0.0 0.0 0.0 0.0 0.0 0.0 0.0 0.0 0.0 0.0 0.0
593 0.0 0.0 0.0 0.0 0.0 0.0 0.0 0.0 0.0 0.0 0.0 0.0
16937 0.0 0.0 0.0 0.0 0.0 0.0 0.0 0.0 0.0 0.0 0.0 0.0
16938 0.0 0.0 0.0 0.0 0.0 0.0 0.0 0.0 0.0 0.0 0.0 0.0
16939 0.0 0.0 0.0 0.0 0.0 0.0 0.0 0.0 0.0 0.0 0.0 0.0
16940 0.0 0.0 0.0 0.0 0.0 0.0 0.0 0.0 0.0 0.0 0.0 0.0
16941 0.0 0.0 0.0 0.0 0.0 0.0 0.0 0.0 0.0 0.0 0.0 0.0
16942 0.0 0.0 0.0 0.0 0.0 0.0 0.0 0.0 0.0 0.0 0.0 0.0
16943 0.0 0.0 0.0 0.0 0.0 0.0 0.0 0.0 0.0 0.0 0.0 0.0
16944 0.0 0.0 0.0 0.0 0.0 0.0 0.0 0.0 0.0 0.0 0.0 0.0
16945 0.0 0.0 0.0 0.0 0.0 0.0 0.0 0.0 0.0 0.0 0.0 0.0
16946 0.0 0.0 0.0 0.0 0.0 0.0 0.0 0.0 0.0 0.0 0.0 0.0
16947 0.0 0.0 0.0 0.0 0.0 0.0 0.0 0.0 0.0 0.0 0.0 0.0
16948 0.0 0.0 0.0 0.0 0.0 0.0 0.0 0.0 0.0 0.0 0.0 0.0
16949 0.0 0.0 0.0 0.0 0.0 0.0 0.0 0.0 0.0 0.0 0.0 0.0
16950 0.0 0.0 0.0 0.0 0.0 0.0 0.0 0.0 0.0 0.0 0.0 0.0
16951 0.0 0.0 0.0 0.0 0.0 0.0 0.0 0.0 0.0 0.0 0.0 0.0
16952 0.0 0.0 0.0 0.0 0.0 0.0 0.0 0.0 0.0 0.0 0.0 0.0
16953 0.0 0.0 0.0 0.0 0.0 0.0 0.0 0.0 0.0 0.0 0.0 0.0
16954 0.0 0.0 0.0 0.0 0.0 0.0 0.0 0.0 0.0 0.0 0.0 0.0
16955 0.0 0.0 0.0 0.0 0.0 0.0 0.0 0.0 0.0 0.0 0.0 0.0
16956 0.0 0.0 0.0 0.0 0.0 0.0 0.0 0.0 0.0 0.0 0.0 0.0
16957 0.0 0.0 0.0 0.0 0.0 0.0 0.0 0.0 0.0 0.0 0.0 0.0
16958 0.0 0.0 0.0 0.0 0.0 0.0 0.0 0.0 0.0 0.0 0.0 0.0
16959 0.0 0.0 0.0 0.0 0.0 0.0 0.0 0.0 0.0 0.0 0.0 0.0
16960 0.0 0.0 0.0 0.0 0.0 0.0 0.0 0.0 0.0 0.0 0.0 0.0
16961 0.0 0.0 0.0 0.0 0.0 0.0 0.0 0.0 0.0 0.0 0.0 0.0
16962 0.0 0.0 0.0 0.0 0.0 0.0 0.0 0.0 0.0 0.0 0.0 0.0
16963 0.0 0.0 0.0 0.0 0.0 0.0 0.0 0.0 0.0 0.0 0.0 0.0
16964 0.0 0.0 0.0 0.0 0.0 0.0 0.0 0.0 0.0 0.0 0.0 0.0
16965 0.0 0.0 0.0 0.0 0.0 0.0 0.0 0.0 0.0 0.0 0.0 0.0
16966 0.0 0.0 0.0 0.0 0.0 0.0 0.0 0.0 0.0 0.0 0.0 0.0
16967 0.0 0.0 0.0 0.0 0.0 0.0 0.0 0.0 0.0 0.0 0.0 0.0
16968 0.0 0.0 0.0 0.0 0.0 0.0 0.0 0.0 0.0 0.0 0.0 0.0
16969 0.0 0.0 0.0 0.0 0.0 0.0 0.0 0.0 0.0 0.0 0.0 0.0
16970 0.0 0.0 0.0 0.0 0.0 0.0 0.0 0.0 0.0 0.0 0.0 0.0
16971 0.0 0.0 0.0 0.0 0.0 0.0 0.0 0.0 0.0 0.0 0.0 0.0
16972 0.0 0.0 0.0 0.0 0.0 0.0 0.0 0.0 0.0 0.0 0.0 0.0
16973 0.0 0.0 0.0 0.0 0.0 0.0 0.0 0.0 0.0 0.0 0.0 0.0
16974 0.0 0.0 0.0 0.0 0.0 0.0 0.0 0.0 0.0 0.0 0.0 0.0
16975 0.0 0.0 0.0 0.0 0.0 0.0 0.0 0.0 0.0 0.0 0.0 0.0
16976 0.0 0.0 0.0 0.0 0.0 0.0 0.0 0.0 0.0 0.0 0.0 0.0
16977 0.0 0.0 0.0 0.0 0.0 0.0 0.0 0.0 0.0 0.0 0.0 0.0
16978 0.0 0.0 0.0 0.0 0.0 0.0 0.0 0.0 0.0 0.0 0.0 0.0
16979 0.0 0.0 0.0 0.0 0.0 0.0 0.0 0.0 0.0 0.0 0.0 0.0
16980 0.0 0.0 0.0 0.0 0.0 0.0 0.0 0.0 0.0 0.0 0.0 0.0
16981 0.0 0.0 0.0 0.0 0.0 0.0 0.0 0.0 0.0 0.0 0.0 0.0
16982 0.0 0.0 0.0 0.0 0.0 0.0 0.0 0.0 0.0 0.0 0.0 0.0
16983 0.0 0.0 0.0 0.0 0.0 0.0 0.0 0.0 0.0 0.0 0.0 0.0
16984 0.0 0.0 0.0 0.0 0.0 0.0 0.0 0.0 0.0 0.0 0.0 0.0
16985 0.0 0.0 0.0 0.0 0.0 0.0 0.0 0.0 0.0 0.0 0.0 0.0
16986 0.0 0.0 0.0 0.0 0.0 0.0 0.0 0.0 0.0 0.0 0.0 0.0
16987 0.0 0.0 0.0 0.0 0.0 0.0 0.0 0.0 0.0 0.0 0.0 0.0
16988 0.0 0.0 0.0 0.0 0.0 0.0 0.0 0.0 0.0 0.0 0.0 0.0
16989 0.0 0.0 0.0 0.0 0.0 0.0 0.0 0.0 0.0 0.0 0.0 0.0
16990 0.0 0.0 0.0 0.0 0.0 0.0 0.0 0.0 0.0 0.0 0.0 0.0
16991 0.0 0.0 0.0 0.0 0.0 0.0 0.0 0.0 0.0 0.0 0.0 0.0
16992 0.0 0.0 0.0 0.0 0.0 0.0 0.0 0.0 0.0 0.0 0.0 0.0
16993 0.0 0.0 0.0 0.0 0.0 0.0 0.0 0.0 0.0 0.0 0.0 0.0
16994 0.0 0.0 0.0 0.0 0.0 0.0 0.0 0.0 0.0 0.0 0.0 0.0
16995 0.0 0.0 0.0 0.0 0.0 0.0 0.0 0.0 0.0 0.0 0.0 0.0
16996 0.0 0.0 0.0 0.0 0.0 0.0 0.0 0.0 0.0 0.0 0.0 0.0
16997 0.0 0.0 0.0 0.0 0.0 0.0 0.0 0.0 0.0 0.0 0.0 0.0
16998 0.0 0.0 0.0 0.0 0.0 0.0 0.0 0.0 0.0 0.0 0.0 0.0
16999 0.0 0.0 0.0 0.0 0.0 0.0 0.0 0.0 0.0 0.0 0.0 0.0
17000 0.0 0.0 0.0 0.0 0.0 0.0 0.0 0.0 0.0 0.0 0.0 0.0
17001 0.0 0.0 0.0 0.0 0.0 0.0 0.0 0.0 0.0 0.0 0.0 0.0
17002 0.0 0.0 0.0 0.0 0.0 0.0 0.0 0.0 0.0 0.0 0.0 0.0
17003 0.0 0.0 0.0 0.0 0.0 0.0 0.0 0.0 0.0 0.0 0.0 0.0
17004 0.0 0.0 0.0 0.0 0.0 0.0 0.0 0.0 0.0 0.0 0.0 0.0
17005 0.0 0.0 0.0 0.0 0.0 0.0 0.0 0.0 0.0 0.0 0.0 0.0
17006 0.0 0.0 0.0 0.0 0.0 0.0 0.0 0.0 0.0 0.0 0.0 0.0
17007 0.0 0.0 0.0 0.0 0.0 0.0 0.0 0.0 0.0 0.0 0.0 0.0
17008 0.0 0.0 0.0 0.0 0.0 0.0 0.0 0.0 0.0 0.0 0.0 0.0
17009 0.0 0.0 0.0 0.0 0.0 0.0 0.0 0.0 0.0 0.0 0.0 0.0
17010 0.0 0.0 0.0 0.0 0.0 0.0 0.0 0.0 0.0 0.0 0.0 0.0
17011 0.0 0.0 0.0 0.0 0.0 0.0 0.0 0.0 0.0 0.0 0.0 0.0
17012 0.0 0.0 0.0 0.0 0.0 0.0 0.0 0.0 0.0 0.0 0.0 0.0
17013 0.0 0.0 0.0 0.0 0.0 0.0 0.0 0.0 0.0 0.0 0.0 0.0
17014 0.0 0.0 0.0 0.0 0.0 0.0 0.0 0.0 0.0 0.0 0.0 0.0
17015 0.0 0.0 0.0 0.0 0.0 0.0 0.0 0.0 0.0 0.0 0.0 0.0
17016 0.0 0.0 0.0 0.0 0.0 0.0 0.0 0.0 0.0 0.0 0.0 0.0
17017 0.0 0.0 0.0 0.0 0.0 0.0 0.0 0.0 0.0 0.0 0.0 0.0
17018 0.0 0.0 0.0 0.0 0.0 0.0 0.0 0.0 0.0 0.0 0.0 0.0
17019 0.0 0.0 0.0 0.0 0.0 0.0 0.0 0.0 0.0 0.0 0.0 0.0
17020 0.0 0.0 0.0 0.0 0.0 0.0 0.0 0.0 0.0 0.0 0.0 0.0
17021 0.0 0.0 0.0 0.0 0.0 0.0 0.0 0.0 0.0 0.0 0.0 0.0
17022 0.0 0.0 0.0 0.0 0.0 0.0 0.0 0.0 0.0 0.0 0.0 0.0
17023 0.0 0.0 0.0 0.0 0.0 0.0 0.0 0.0 0.0 0.0 0.0 0.0
17024 0.0 0.0 0.0 0.0 0.0 0.0 0.0 0.0 0.0 0.0 0.0 0.0
17025 0.0 0.0 0.0 0.0 0.0 0.0 0.0 0.0 0.0 0.0 0.0 0.0
17026 0.0 0.0 0.0 0.0 0.0 0.0 0.0 0.0 0.0 0.0 0.0 0.0
17027 0.0 0.0 0.0 0.0 0.0 0.0 0.0 0.0 0.0 0.0 0.0 0.0
17028 0.0 0.0 0.0 0.0 0.0 0.0 0.0 0.0 0.0 0.0 0.0 0.0
17029 0.0 0.0 0.0 0.0 0.0 0.0 0.0 0.0 0.0 0.0 0.0 0.0
17030 0.0 0.0 0.0 0.0 0.0 0.0 0.0 0.0 0.0 0.0 0.0 0.0
17031 0.0 0.0 0.0 0.0 0.0 0.0 0.0 0.0 0.0 0.0 0.0 0.0
17032 0.0 0.0 0.0 0.0 0.0 0.0 0.0 0.0 0.0 0.0 0.0 0.0
17033 0.0 0.0 0.0 0.0 0.0 0.0 0.0 0.0 0.0 0.0 0.0 0.0
17034 0.0 0.0 0.0 0.0 0.0 0.0 0.0 0.0 0.0 0.0 0.0 0.0
17035 0.0 0.0 0.0 0.0 0.0 0.0 0.0 0.0 0.0 0.0 0.0 0.0
17036 0.0 0.0 0.0 0.0 0.0 0.0 0.0 0.0 0.0 0.0 0.0 0.0
17037 0.0 0.0 0.0 0.0 0.0 0.0 0.0 0.0 0.0 0.0 0.0 0.0
17038 0.0 0.0 0.0 0.0 0.0 0.0 0.0 0.0 0.0 0.0 0.0 0.0
17039 0.0 0.0 0.0 0.0 0.0 0.0 0.0 0.0 0.0 0.0 0.0 0.0
17040 0.0 0.0 0.0 0.0 0.0 0.0 0.0 0.0 0.0 0.0 0.0 0.0
