{
 "cells": [
  {
   "cell_type": "code",
   "execution_count": 1,
   "metadata": {},
   "outputs": [],
   "source": [
    "import numpy as np\n",
    "import matplotlib.pyplot as plt\n",
    "from __future__ import print_function, division\n",
    "%matplotlib inline"
   ]
  },
  {
   "cell_type": "markdown",
   "metadata": {},
   "source": [
    "# Shape Correlations"
   ]
  },
  {
   "cell_type": "code",
   "execution_count": 9,
   "metadata": {},
   "outputs": [],
   "source": [
    "from astropy.table import Table\n",
    "fname = simname + '_' + str(snapNum) + '_' + 'reduced' + '_' +'galaxy_shapes'+ '.dat' \n",
    "t_1 = Table.read('../data/shape_catalogs/'+fname, format='ascii')\n",
    "\n",
    "from Illustris_Shapes.simulation_props import sim_prop_dict\n",
    "d = sim_prop_dict[simname]\n",
    "basePath = d['basePath']\n",
    "Lbox = d['Lbox']\n",
    "from illustris_python.groupcat import gcPath, loadHalos, loadSubhalos\n",
    "coords = loadSubhalos(basePath, snapNum, fields=['SubhaloPos'])/1000.0\n",
    "coord = coords[t_1['gal_id']]"
   ]
  },
  {
   "cell_type": "code",
   "execution_count": 10,
   "metadata": {},
   "outputs": [],
   "source": [
    "from halotools.mock_observables.alignments import ed_3d, ee_3d"
   ]
  },
  {
   "cell_type": "code",
   "execution_count": 5,
   "metadata": {},
   "outputs": [
    {
     "data": {
      "text/html": [
       "&lt;Table length=27345&gt;\n",
       "<table id=\"table4651460304\" class=\"table-striped table-bordered table-condensed\">\n",
       "<thead><tr><th>gal_id</th><th>a</th><th>b</th><th>c</th><th>av_x</th><th>av_y</th><th>av_z</th><th>bv_x</th><th>bv_y</th><th>bv_z</th><th>cv_x</th><th>cv_y</th><th>cv_z</th></tr></thead>\n",
       "<thead><tr><th>int64</th><th>float64</th><th>float64</th><th>float64</th><th>float64</th><th>float64</th><th>float64</th><th>float64</th><th>float64</th><th>float64</th><th>float64</th><th>float64</th><th>float64</th></tr></thead>\n",
       "<tr><td>0</td><td>0.6787176165511027</td><td>0.5267498323078086</td><td>0.5116635320971051</td><td>-0.16757427535071617</td><td>-0.5531082774862421</td><td>-0.8160821622954912</td><td>-0.6770754335953177</td><td>-0.5371155396817525</td><td>0.5030663517410918</td><td>-0.7165805742987981</td><td>0.636850163231966</td><td>-0.2844892794623783</td></tr>\n",
       "<tr><td>1</td><td>0.628388652005401</td><td>0.6118932115228997</td><td>0.4803302709729438</td><td>-0.8948934682079859</td><td>0.3936175732424352</td><td>0.21031140385965402</td><td>0.2882467373934671</td><td>0.8695661057010351</td><td>-0.4009596066911948</td><td>0.3407044157927864</td><td>0.29819455704400816</td><td>0.8916280094347775</td></tr>\n",
       "<tr><td>2</td><td>0.6561983835971344</td><td>0.6401648568868433</td><td>0.39948528257721944</td><td>-0.7384081363603645</td><td>0.43019395733507027</td><td>0.5193135692712108</td><td>0.32051660025346845</td><td>0.9014365427323031</td><td>-0.2910004611487589</td><td>0.5933148684457277</td><td>0.048428488508559124</td><td>0.8035123822207129</td></tr>\n",
       "<tr><td>3</td><td>0.6609946466539327</td><td>0.6422707134722621</td><td>0.38805831665940094</td><td>-0.1117203325814921</td><td>0.5278217156140436</td><td>-0.8419755363513411</td><td>-0.8430840581799793</td><td>-0.4988624703684094</td><td>-0.20086190903380532</td><td>-0.5260492734817317</td><td>0.6874157927951432</td><td>0.5007311550973904</td></tr>\n",
       "<tr><td>4</td><td>0.6692501042705059</td><td>0.5840076179311989</td><td>0.4593779332652475</td><td>-0.6480467083623422</td><td>-0.5766096678425674</td><td>0.4975507559347258</td><td>0.31042213739726815</td><td>0.3965868036462059</td><td>0.8639195586322821</td><td>0.6954664336935642</td><td>-0.7143109953823822</td><td>0.07801436714724772</td></tr>\n",
       "<tr><td>5</td><td>0.6316499642821821</td><td>0.6167010385485383</td><td>0.46978908159045774</td><td>0.9411940351315555</td><td>0.24258246163093308</td><td>0.2351755462242132</td><td>-0.3341973469077428</td><td>0.5661190396096549</td><td>0.753539226789998</td><td>-0.04965804620206012</td><td>0.7878216690981018</td><td>-0.6138982783384193</td></tr>\n",
       "<tr><td>6</td><td>0.6500423429136127</td><td>0.6230204023780047</td><td>0.4350699596767989</td><td>0.16629770599141963</td><td>-0.6157274893922954</td><td>0.7702108359330267</td><td>-0.17827832667261095</td><td>0.7494413754350224</td><td>0.6376162349131924</td><td>0.9698257117754744</td><td>0.24334601618420293</td><td>-0.014859515014712258</td></tr>\n",
       "<tr><td>7</td><td>0.7036832240202472</td><td>0.545406339205027</td><td>0.4553682557850037</td><td>0.9158463790639292</td><td>-0.06613741977509446</td><td>0.3960445071718365</td><td>-0.173091184417337</td><td>0.8249595496421782</td><td>0.5380345558894687</td><td>0.362304915551105</td><td>0.5613088126509928</td><td>-0.7440884120908208</td></tr>\n",
       "<tr><td>8</td><td>0.6942278889352056</td><td>0.5897255974909874</td><td>0.4126292315888469</td><td>0.34318572679702003</td><td>-0.6525421707148402</td><td>-0.6755829130177624</td><td>0.025507388155753003</td><td>-0.7125256144982294</td><td>0.7011823028523984</td><td>0.9389211522126193</td><td>0.25786811381534686</td><td>0.22788397443664704</td></tr>\n",
       "<tr><td>9</td><td>0.6591372184063167</td><td>0.6296767005518158</td><td>0.4111674709147155</td><td>-0.1067156022262764</td><td>0.4459577902923637</td><td>0.8886694714678993</td><td>0.3958004381335058</td><td>0.8389594208231884</td><td>-0.3734824003689413</td><td>0.9121150110675781</td><td>-0.31187936688657864</td><td>0.2660403486233222</td></tr>\n",
       "<tr><td>...</td><td>...</td><td>...</td><td>...</td><td>...</td><td>...</td><td>...</td><td>...</td><td>...</td><td>...</td><td>...</td><td>...</td><td>...</td></tr>\n",
       "<tr><td>702443</td><td>0.5925548198256356</td><td>0.5793342089144604</td><td>0.5596883704461103</td><td>-0.14931184804881864</td><td>0.3037803084555493</td><td>-0.9409694448954748</td><td>0.9619586657734465</td><td>0.2648137616963506</td><td>-0.06715055442510796</td><td>-0.22878264220787686</td><td>0.915200085123947</td><td>0.33176393235778784</td></tr>\n",
       "<tr><td>709081</td><td>0.5968751038624526</td><td>0.5708603357298914</td><td>0.563788638953549</td><td>-0.8034335541154916</td><td>-0.5501050908837513</td><td>-0.22776942969838837</td><td>-0.13234576512884771</td><td>-0.20797695781238146</td><td>0.9691388876067076</td><td>-0.5804990289171974</td><td>0.8087830203477857</td><td>0.09429158723504494</td></tr>\n",
       "<tr><td>717297</td><td>0.5968621536945491</td><td>0.5834995135445763</td><td>0.5507115059381104</td><td>-0.6519940827464901</td><td>0.716897604652944</td><td>0.24690390945960008</td><td>0.5806191049584468</td><td>0.6814831827589339</td><td>-0.4454908827058145</td><td>-0.487632208760676</td><td>-0.14710029252052734</td><td>-0.8605674482105166</td></tr>\n",
       "<tr><td>717843</td><td>0.6182965717032008</td><td>0.5640598641953555</td><td>0.5473071795172938</td><td>-0.417697049322262</td><td>0.7666338583514453</td><td>0.48764915894180677</td><td>-0.5746133830461513</td><td>0.19285726115191232</td><td>-0.7953776064519543</td><td>0.7038100844771498</td><td>0.6124366122711463</td><td>-0.3599621659815214</td></tr>\n",
       "<tr><td>721242</td><td>0.6000370347872738</td><td>0.5814040932522097</td><td>0.5494774453723094</td><td>-0.9192030360082912</td><td>0.30151450112377887</td><td>0.25328794721663916</td><td>0.08519446230222756</td><td>0.7802520574073808</td><td>-0.6196358854235158</td><td>-0.3844576468041368</td><td>-0.5479924566302247</td><td>-0.7428974258201445</td></tr>\n",
       "<tr><td>721529</td><td>0.5875429547092289</td><td>0.5841958107085833</td><td>0.5599177444218668</td><td>-0.27209657628540496</td><td>-0.4072373047309434</td><td>0.8718493165732469</td><td>-0.6863089664073049</td><td>0.7172058570812595</td><td>0.12081291817215808</td><td>-0.6744949635117357</td><td>-0.565485221914607</td><td>-0.4746398718960404</td></tr>\n",
       "<tr><td>725443</td><td>0.5887439651098483</td><td>0.5860790315366706</td><td>0.5566789057804377</td><td>0.4568339252834073</td><td>0.2666995650195478</td><td>-0.8486307245961217</td><td>-0.5886242694262148</td><td>-0.6246395902792917</td><td>-0.5131733154580175</td><td>-0.666951448122432</td><td>0.7339596203294178</td><td>-0.1283707192987876</td></tr>\n",
       "<tr><td>726717</td><td>0.5973905777537888</td><td>0.587273171185855</td><td>0.5461098680085692</td><td>-0.06834378551732169</td><td>0.2605264342288227</td><td>-0.9630447051145535</td><td>-0.9514985827348803</td><td>0.27321499963324325</td><td>0.14143553665511738</td><td>0.29996595479266724</td><td>0.926001912008513</td><td>0.22921798559864723</td></tr>\n",
       "<tr><td>729829</td><td>0.5857781048198757</td><td>0.5832192705862748</td><td>0.5627783340542377</td><td>0.05573468178795633</td><td>0.9255425129172742</td><td>-0.3745192946014568</td><td>-0.9962769919572563</td><td>0.02684371235907173</td><td>-0.0819241747189735</td><td>-0.06577081832086858</td><td>0.3776909740641957</td><td>0.923592836464122</td></tr>\n",
       "<tr><td>739605</td><td>0.6043362582860503</td><td>0.5807899105250546</td><td>0.5453982830979898</td><td>0.5817196272101998</td><td>0.22326299223578852</td><td>0.7821482670289234</td><td>0.6341507215494727</td><td>0.4776881506732582</td><td>-0.6080023791603499</td><td>-0.5093673896871582</td><td>0.8496868052431347</td><td>0.13629818531075796</td></tr>\n",
       "</table>"
      ],
      "text/plain": [
       "<Table length=27345>\n",
       "gal_id         a          ...         cv_y                  cv_z        \n",
       "int64       float64       ...       float64               float64       \n",
       "------ ------------------ ... -------------------- ---------------------\n",
       "     0 0.6787176165511027 ...    0.636850163231966   -0.2844892794623783\n",
       "     1  0.628388652005401 ...  0.29819455704400816    0.8916280094347775\n",
       "     2 0.6561983835971344 ... 0.048428488508559124    0.8035123822207129\n",
       "     3 0.6609946466539327 ...   0.6874157927951432    0.5007311550973904\n",
       "     4 0.6692501042705059 ...  -0.7143109953823822   0.07801436714724772\n",
       "     5 0.6316499642821821 ...   0.7878216690981018   -0.6138982783384193\n",
       "     6 0.6500423429136127 ...  0.24334601618420293 -0.014859515014712258\n",
       "     7 0.7036832240202472 ...   0.5613088126509928   -0.7440884120908208\n",
       "     8 0.6942278889352056 ...  0.25786811381534686   0.22788397443664704\n",
       "     9 0.6591372184063167 ... -0.31187936688657864    0.2660403486233222\n",
       "   ...                ... ...                  ...                   ...\n",
       "702443 0.5925548198256356 ...    0.915200085123947   0.33176393235778784\n",
       "709081 0.5968751038624526 ...   0.8087830203477857   0.09429158723504494\n",
       "717297 0.5968621536945491 ... -0.14710029252052734   -0.8605674482105166\n",
       "717843 0.6182965717032008 ...   0.6124366122711463   -0.3599621659815214\n",
       "721242 0.6000370347872738 ...  -0.5479924566302247   -0.7428974258201445\n",
       "721529 0.5875429547092289 ...   -0.565485221914607   -0.4746398718960404\n",
       "725443 0.5887439651098483 ...   0.7339596203294178   -0.1283707192987876\n",
       "726717 0.5973905777537888 ...    0.926001912008513   0.22921798559864723\n",
       "729829 0.5857781048198757 ...   0.3776909740641957     0.923592836464122\n",
       "739605 0.6043362582860503 ...   0.8496868052431347   0.13629818531075796"
      ]
     },
     "execution_count": 5,
     "metadata": {},
     "output_type": "execute_result"
    }
   ],
   "source": []
  },
  {
   "cell_type": "code",
   "execution_count": null,
   "metadata": {},
   "outputs": [],
   "source": []
  }
 ],
 "metadata": {
  "kernelspec": {
   "display_name": "Python 2",
   "language": "python",
   "name": "python2"
  },
  "language_info": {
   "codemirror_mode": {
    "name": "ipython",
    "version": 2
   },
   "file_extension": ".py",
   "mimetype": "text/x-python",
   "name": "python",
   "nbconvert_exporter": "python",
   "pygments_lexer": "ipython2",
   "version": "2.7.15"
  }
 },
 "nbformat": 4,
 "nbformat_minor": 2
}
